$ANSIBLE_VAULT;1.1;AES256
34646334613762323132356264393739343435353838666233656236326164323739346663373839
3336313666653030613462376535393961303664376434620a353031653834633166343066313236
62643531333638653866656466356534353437616138646531333635326664396431343737393561
3230646237353864310a396334333962376631363966363134643834356262303463656231643530
62646164303333613565643537316230343362323230383831393332643735636332633462333333
39623333626432613536653163353339643434383339306562313262383364636334333261383761
65613061623838393937303239636638336133616134613262613066303163336163643766313565
30663765316164333934383434353663613838353032613532363661636430376435643735366261
64376431366639633362663666313131303832316165626366633332333636366633636130376132
64343863343364663731303831386261303733346666663465626566323033613136613236396131
37646334613161626433306334643237333739616233343632386630646630346137663133343866
63663232306137353332326166646236366237636463306138333634336538633434653461616663
39313033303034373139363837393031616337383264623636613438363730313231623236613235
65666132353438623261343765356238303366316535343738653433636239663637336635363330
34653539323439396462646663313164383062643039393235323432363562323336636664646536
61306333633034396164353338303066393237393061376433653963343631656262663766373839
34343137363735313536623839396538323731663838313564636137633830633335383737623936
63636237303761303166333138623536396236623339376231633133323566376261656130626635
38633465666235383563383462306266303061323534333561333537663230353863323462393335
31366562633437313965333633356438306330376639376331303365386435393833323363323434
63373763303433363136633535303032316632386264663039376434346239393538646331386635
33386337643838653737323935353131646166346531373233386236323162323934663463616237
62373336306365626661373634376562386462333564386464363837653361373032366539373333
31383063313438666636363034373934633930613238356265316564336130326662333838316166
6532
